0,429
0,428
0,427
0,426
0,425
0,424
0,423
0,422
0,421
0,420
0,419
0,418
0,417
0,416
33,52
33,51
33,50
33,49
33,48
33,47
33,46
33,45
33,44
33,43
33,42
33,41
33,40
33,39
33,38
33,37
33,36
4,26
4,41
4,40
4,17
4,4
4,80
4,35
4,90
4,65
4,74
4,1
4,92
4,2
4,3
6,8
6,4
6,1
6,6
6,2
6,3
7,12
7,14
7,15
7,4
7,11
7,16
7,1
7,6
7,2
7,3
5,4
5,2
5,1
5,3
33,35
0,415
0,414
0,413
0,412
0,411
0,410
0,409
0,408
0,407
0,406
0,405
0,404
0,403
0,402
0,401
0,400
0,399
0,398
0,397
0,396
0,395
0,394
0,393
0,392
40,4
40,3
40,2
0,391
40,1
40,0
0,390
0,389
0,388
0,387
0,386
0,385
0,273
0,270
39,3
